436
350
502
546
419
159
359
631
908
784
172
883
 44
359
526
922
716
523
932
253
847
624
846
913
428
782
 23
410
392
841
986
582
 77
483
633
208
284
652
908
178
590
433
829
949
146
 78
352
847
931
105
787
521
993
765
665
830
142
524
571
407
899
863
431
713
168
756
300
 95
994
529
509
384
200
590
229
264
131
841
813
240
773
339
211
774
806
228
239
217
237
 47
560
 92
  1
130
925
179
 41
744
187
465
836
323
958
222
592
992
137
677
690
396
673
551
432
820
457
780
307
920
 91
928
593
881
348
178
  8
155
256
 42
103
151
860
139
957
656
286
290
384
324
930
942
838
406
145
159
211
467
 71
934
969
 52
375
 20
768
876
242
811
 63
835
796
154
779
855
669
245
239
540
599
128
124
433
262
483
403
 11
517
142
450
281
110
602
911
208
587
504
345
960
145
675
217
576
970
677
377
181
705
379
683
937
423
 99
 71
103
337
258
104
 76
430
381
660
189
287
850
497
662
437
895
228
166
894
274
242
996
387
784
265
573
455
562
168
580
802
208
 33
367
 58
384
751
306
282
421
603
124
 44
385
424
212
669
279
977
 13
773
 83
144
 24
941
391
544
168
695
304
517
849
630
166
980
143
763
159
973
676
226
580
646
886
734
420
 12
439
955
 28
113
782
105
465
687
362
143
756
705
787
837
184
812
773
608
 68
137
324
576
 10
434
300
584
346
156
695
557
794
894
123
129
759
947
701
681
133
103
 42
500
918
902
878
300
240
740
559
841
896
266
361
606
735
158
309
557
737
687
263
148
725
860
626
254
453
987
 63
846
717
389
599
757
452
380
365
794
371
710
722
791
394
853
503
391
958
250
728
879
202
331
673
713
 94
444
805
646
242
412
 68
219
 58
110
384
363
962
781
785
482
345
801
431
736
769
186
633
401
345
726
710
381
 71
677
574
698
472
  3
 76
143
467
283
246
364
422
132
141
  2
797
871
504
 22
951
292
195
945
546
425
390
 67
273
149
387
904
764
239
564
354
185
694
955
771
797
112
667
709
208
434
129
933
534
435
998
540
 69
991
179
822
902
598
912
910
497
243
907
713
488
342
786
316
908
147
780
468
987
114
417
105
479
 76
 50
 95
959
596
473
297
425
538
547
400
820
139
562
 52
287
210
867
529
444
654
259
177
407