4987
4987
4979
4973
4969
4962
4950
4950
4948
4941
4937
4923
4903
4903
4899
4899
4894
4890
4887
4870
4847
4845
4840
4837
4833
4816
4814
4814
4804
4801
4795
4789
4763
4760
4742
4732
4730
4727
4725
4713
4707
4707
4704
4703
4702
4686
4678
4675
4674
4664
4661
4661
4648
4645
4644
4643
4640
4637
4636
4635
4628
4627
4627
4622
4616
4613
4603
4593
4590
4589
4588
4586
4581
4581
4577
4574
4553
4520
4518
4517
4512
4510
4498
4487
4476
4473
4471
4467
4465
4460
4444
4441
4441
4439
4439
4438
4428
4426
4425
4416
4402
4394
4388
4383
4374
4373
4370
4361
4348
4343
4341
4341
4336
4335
4333
4313
4303
4289
4273
4260
4254
4231
4231
4218
4208
4203
4202
4201
4195
4178
4175
4171
4165
4162
4156
4148
4145
4145
4117
4104
4089
4084
4070
4050
4050
4040
4038
4022
4018
4017
4014
4005
4002
3998
3985
3976
3961
3954
3939
3938
3932
3926
3926
3922
3916
3911
3904
3897
3896
3891
3878
3877
3867
3864
3857
3851
3828
3809
3805
3790
3790
3790
3783
3782
3780
3756
3754
3750
3746
3738
3735
3725
3702
3699
3692
3687
3679
3672
3652
3652
3645
3626
3607
3595
3578
3567
3554
3550
3539
3536
3536
3525
3523
3508
3486
3483
3470
3449
3447
3440
3439
3430
3423
3420
3402
3394
3393
3384
3381
3377
3372
3358
3336
3334
3323
3322
3307
3306
3301
3300
3299
3294
3288
3278
3275
3269
3269
3266
3263
3259
3238
3217
3202
3198
3194
3191
3191
3184
3176
3173
3172
3167
3161
3160
3139
3129
3128
3122
3114
3107
3101
3100
3082
3077
3077
3075
3075
3066
3058
3051
3050
3046
3035
3035
3032
3031
3026
3021
3018
3016
3010
3010
3001
2990
2984
2982
2972
2968
2960
2936
2928
2925
2913
2907
2902
2878
2877
2872
2868
2865
2862
2860
2845
2840
2832
2831
2822
2821
2804
2799
2796
2793
2788
2776
2766
2764
2738
2738
2731
2709
2679
2667
2639
2614
2614
2600
2587
2585
2582
2580
2578
2571
2570
2564
2563
2554
2553
2547
2528
2517
2514
2505
2503
2495
2493
2486
2479
2468
2457
2457
2454
2436
2422
2418
2415
2414
2414
2411
2408
2406
2394
2390
2372
2369
2363
2355
2347
2345
2337
2312
2295
2289
2285
2280
2270
2269
2262
2253
2252
2250
2244
2234
2229
2226
2221
2213
2208
2207
2206
2184
2179
2158
2147
2139
2134
2134
2134
2129
2126
2125
2121
2117
2115
2108
2102
2089
2085
2077
2059
2033
2026
2018
2016
2009
2006
2005
1998
1991
1981
1977
1976
1957
1944
1941
1932
1929
1926
1923
1923
1917
1907
1895
1878
1877
1877
1873
1865
1851
1851
1842
1828
1828
1824
1820
1813
1806
1805
1791
1790
1785
1782
1772
1770
1769
1759
1746
1744
1743
1738
1736
1731
1721
1720
1717
1708
1705
1705
1701
1699
1691
1686
1681
1672
1672
1663
1656
1655
1644
1636
1633
1633
1609
1608
1603
1596
1580
1575
1569
1556
1552
1551
1543
1539
1531
1526
1524
1514
1511
1502
1493
1492
1489
1482
1481
1475
1461
1459
1455
1452
1450
1447
1434
1430
1412
1387
1384
1379
1371
1369
1365
1348
1342
1334
1333
1330
1323
1319
1314
1309
1309
1308
1306
1293
1290
1290
1267
1253
1251
1247
1238
1238
1233
1215
1213
1212
1208
1186
1170
1167
1156
1150
1140
1133
1126
1117
1111
1110
1105
1095
1093
1086
1085
1084
1084
1076
1072
1065
1032
1018
1009
1007
 996
 984
 981
 972
 968
 958
 953
 939
 934
 928
 903
 901
 887
 884
 883
 877
 877
 860
 840
 823
 805
 805
 796
 795
 792
 781
 779
 778
 736
 728
 711
 710
 709
 703
 702
 700
 683
 680
 677
 672
 671
 664
 647
 616
 613
 612
 610
 604
 601
 600
 599
 589
 575
 565
 549
 538
 537
 531
 523
 504
 502
 496
 491
 489
 484
 482
 474
 468
 449
 430
 420
 420
 403
 391
 383
 382
 366
 344
 343
 338
 335
 333
 299
 291
 255
 245
 244
 220
 219
 209
 196
 195
 190
 187
 185
 165
 165
 163
 162
 145
 143
 132
 127
 117
 113
  95
  88
  85
  84
  80
  58
  54
  47
  28
  27
  22
  19
  15
  15
