10
15
20
25
30
35
40
45
50
55
60
65
70
75
80
85
90
95
52
49
51
53
48
47
62
63
96
83
84
78
43
39
44
38
22
23
32
33	
14
13
12
11
93
92
99
98
100
121
131
161
558
679
854
841
853
896
844
744
766
322
111
222
333
444
555
666
777
888
999
987
965
954
932
921
978
945
412
413
451
452
453
469
468
467
489
498
491
492
493
495
479
473
475
484
487
415
416
417
418
419
510
511
512
513
514
577
578
579
569
549
531
532
534
536
537
538
539
541
542
543
546
549
548
611
610
601
602
603
604
609
608
607
606
605
612
613
614
615
619
618
640
641
590
591
592
593
594
595
596
597
598
599
701
702
703
704
705
706
707
708
709
710
730
731
732
733
734
735
736
737
738
739
801
802
803
804
805
806
807
808
809
810
891
892
893
894
895
896
897
898
201
202
203
204
205
206
207
208
213
288
101
102