 564
 702
 872
 642
  50
 495
 499
 252
 563
 680
 151
 183
 835
 941
 159
 920
 413
 102
 530
 482
 155
  96
 683
 657
  45
 259
 925
  23
 134
 181
 454
 739
 159
 510
 981
 274
 843
 156
 861
 134
 144
 502
 215
 168
 431
 591
 257
 383
 883
 608
 582
  41
 283
 281
 426
 659
 750
 730
 244
 792
 535
 247
 182
 365
 923
  64
 641
 235
  54
 777
 915
 924
 575
 629
 557
 745
  59
 800
 264
  96
 215
 509
 555
 521
 979
 269
 910
   9
  11
 940
 180
 869
 366
  89
 145
 100
 975
 950
 547
 843
  23
 981
 573
 104
 783
 523
 713
 869
 524
 666
 711
 524
 752
 889
  85
 381
 505
 809
 319
 711
 404
 676
 368
 972
 252
 446
 496
 975
 313
 743
 661
 611
 171
 377
 936
 373
  97
 994
 726
 739
 357
 757
 580
 312
 560
 763
 146
 116
 922
 425
 769
 817
 294
 228
 963
 923
 548
 260
 184
 491
 890
 878
 106
 980
 676
 570
 185
 417
 191
 910
 107
 607
 978
 234
 993
 611
 167
 501
 721
 126
 587
 953
  78
 862
  47
 584
 781
 650
 169
 901
  28
 998
 666
 466
 822
 943
 639
 190
 659
 835
 960
 348
 443
 409
 913
 746
 512
 804
 341
 404
 476
  62
 635
  99
 641
 264
 129
 720
 640
 227
 482
 541
 728
 826
 114
 276
 770
  13
 675
 641
 674
  56
  59
 877
 578
 684
 103
 949
 540
 630
 510
 647
 458
 979
 514
  46
 897
 880
 906
 333
 149
  42
 256
 347
 100
 303
 970
 769
  70
 587
 236
  21
 848
 123
 469
 569
 136
  64
 633
 991
 658
 472
  21
 491
 148
 887
 848
 682
 238
   9
 955
 814
 353
 693
 319
 998
 112
 278
 606
 241
 357
 318
 802
  72
 463
 229
 153
 665
 294
  90
 977
  80
 805
 442
 658
 138
 421
  43
 533
 154
 360
 832
 907
  76
 917
 795
 911
 820
 861
 874
 808
 233
  37
 107
 911
 667
 791
 519
 591
 602
 798
 775
 346
 109
  23
 641
 713
 272
 437
 698
 760
 828
 240
 564
 248
 107
 474
 644
 907
 377
 354
 765
 709
 419
 749
 375
 540
 953
 694
 125
 386
 515
 129
 825
 892
 692
 230
 169
 924
 494
 856
  40
 635
 237
 775
 436
  16
 984
 332
 313
 575
 478
 478
 793
 343
 811
 485
 265
 774
 846
 610
 197
 253
 943
 799
 611
   2
 277
 804
 589
 903
 882
 422
 247
 672
 257
 141
  25
 693
  69
 547
 419
 496
 313
 993
 508
 948
 732
  38
 940
 699
 889
 894
  70
 669
 942
  12
 627
 164
 975
 841
 984
 493
 753
 803
 122
 882
 913
 568
 574
 485
 360
 881
 275
 749
 683
 983
 564
 874
 964
 887
 786
 193
 393
 771
 944
 900
 436
 915
 766
 858
 178
 460
 650
 598
 954
 232
 523
 870
 171
 679
 672
 649
  59
 155
 985
 882
 950
 809
 954
 238
 963
 759
 953
 887
 359
 332
 467
 717
 179
 436
 669
  21
 732
 925
 781
 725
 166
 173
 581
  88
 502
 439
 928
 770
 808
 410
 900
 472
 215
 850
  25
 247
 463
 909
 320
 758
  38
 555
 301
   5
 167
  48
 464
 660
 121
  29
 893
 280
 863
 452
 603
 821
 739
 754
 915
 542
 336
 368
 115
 256
 242
 746
 427
 502
 361
 137
 535
 896
 772
 449
 629
   9
 267
 632
 309
 751
 819
 456
 707
 997
 357
 897
  26
 319
 273
 910
  54
 198
 862
 697
 718
 383
 791
 155
 881
 131
 643
 983
 237
 242
  90
  85
 561
 921
 490
 979
 465
 414
 786
 223
   5
 334
 648
 963
 698
 105
 611
 919
 350
  91
 221
 602
 581
 469
 860
 826
 198
 288
 828
 422
 757
 429
 299
 761
 124
 728
 690
 604
  74
  76
 786
 837
 146
 577
 783
 952
  67
  32
 567
 709
  70
 561
 980
 769
 934
 557
 801
 268
 495
 655
 865
 787
 167
 199
 209
 759
 698
  59
 432
 282
 589
 315
 329
 394
 905
  30
 128
 215
 255
 156
 453
 571
 216
 590
  81
 307
 353
 831
  61
 692
 763
 786
 231
 243
 216
 310
 223
 384
 394
 162
 834
 569
 768
  43
 292
 326
 156
 747
  37
 485
  59
 637
 771
 155
 751
 961
 992
 634
 504
 531
 588
  16
 641
 771
  91
 574
 601
 565
 848
 594
 291
  59
  37
 465
  51
 255
 287
 460
  22
 739
 923
 207
 925
 942
 712
 971
 236
 538
 235
 586
  17
 213
 875
 185
 358
 549
 744
 967
 331
 933
  73
 464
 417
 160
 727
 296
   3
 927
 136
 736
 158
 316
 974
 115
 112
 580
 950
  89
 348
 425
 140
 407
 220
 772
  81
  98
 478
 902
 290
 518
 311
 343
 162
  58
  37
  63
 657
 552
 433
 209
 373
 763
 591
 146
 966
  28
 384
  76
 338
 852
 928
 849
   5
 413
 714
 223
 922
 511
 382
 182
 146
 608
  54
 842
 328
   7
 197
 289
 321
 473
 430
 229
  98
 577
 840
 748
 425
 134
   3
 427
 699
 526
 813
 530
 773
 438
 268
  49
 415
  31
 173
 285
 480
 810
 404
  37
 531
 156
 556
 696
 421
 907
 669
 848
 931
 269
 261
 676
  56
 608
 696
 160
 229
 970
 805
 804
 108
 367
 658
  38
  43
 727
  11
  53
 948
  51
 372
 709
 605
 479
 657
 816
 124
 353
 241
 992
 541
 123
  11
 354
 158
  58
 301
 638
 817
  26
 821
 178
 314
 673
 319
 338
 571
  15
 615
 561
  46
 979
 653
 215
 884
 284
 748
  43
 253
 410
 843
 305
 316
 957
 171
  16
   8
  16
 590
 909
 902
 937
 221
   9
 563
 162
  94
 302
 220
 648
 869
 556
 675
 353
 167
 534
 853
 555
 643
 503
 756
 316
 108
 819
 608
 399
 379
 982
 376
  80
  85
 814
 557
 218
 802
 712
 569
 694
 337
 718
 653
  97
 558
 307
 283
 778
  50
 639
 110
 177
 682
 386
 470
 770
 702
 434
 152
  18
 565
 922
 140
 457
 711
 979
 636
 496
 380
 615
 220
 186
 849
 472
 533
 543
  16
 973
 847
  68
 925
 380
 552
 609
1569 