900
899
899
898
898
895
893
893
892
886
882
879
878
878
877
877
876
876
874
874
874
870
870
870
868
866
865
862
861
857
857
857
855
853
853
852
851
851
850
849
848
844
842
841
840
839
837
836
834
834
834
832
829
829
827
826
826
824
824
821
821
821
820
819
816
815
814
812
812
812
812
812
811
809
809
809
808
807
807
806
805
805
804
803
798
796
793
793
792
788
787
781
780
780
779
778
774
770
769
768
768
767
766
765
765
761
761
761
761
761
761
760
759
757
757
755
754
754
753
752
747
747
744
743
743
737
736
735
735
735
734
733
732
730
730
729
728
728
727
726
725
725
724
722
722
721
718
717
717
717
714
713
710
709
708
708
708
707
707
706
705
704
703
701
700
700
699
698
698
698
698
698
695
692
691
689
686
686
684
682
682
681
677
675
674
673
672
671
670
669
668
667
666
666
666
665
663
662
660
657
657
656
656
655
653
653
652
652
647
647
647
646
645
643
642
641
638
638
638
637
635
635
630
628
624
622
620
620
618
618
617
617
616
614
614
613
613
612
612
611
609
605
605
605
603
603
603
602
602
601
600
600
599
598
596
596
596
595
594
594
593
591
589
589
587
587
587
586
584
584
581
579
577
572
571
571
570
570
569
568
568
567
567
564
563
560
560
556
556
556
551
550
547
545
542
536
535
535
534
533
528
526
525
524
523
523
523
522
522
520
519
519
518
517
515
514
513
513
512
511
509
509
507
505
505
503
499
499
499
499
499
498
497
497
496
496
493
493
491
490
489
488
487
486
486
486
485
483
483
483
482
481
481
481
481
480
477
477
477
475
474
472
470
470
469
469
468
465
464
463
463
462
462
460
460
460
459
458
456
456
455
454
453
453
451
451
450
450
448
447
447
446
446
444
444
443
442
439
439
436
436
434
432
432
430
429
427
426
426
426
425
424
423
423
421
421
420
420
419
419
411
410
409
408
407
407
404
402
401
400
400
398
397
397
395
394
394
394
394
393
393
391
391
388
388
388
387
387
385
380
380
378
377
376
374
372
371
370
368
368
367
366
366
363
362
361
359
359
356
356
355
352
352
350
350
349
349
347
347
347
347
346
345
344
344
343
341
340
340
338
338
338
336
331
330
330
329
329
328
325
325
324
324
323
322
321
321
320
319
319
315
315
313
312
310
309
309
308
308
306
304
303
302
302
301
300
299
299
297
295
295
294
294
294
293
292
290
290
288
284
283
283
282
281
279
278
278
277
277
277
275
274
270
269
264
262
262
261
261
261
259
258
258
258
256
256
256
256
255
255
254
252
251
247
247
246
244
244
241
238
236
236
234
233
232
232
232
230
227
226
224
224
224
223
221
221
220
219
217
217
217
213
211
210
210
209
208
208
207
207
206
205
204
203
203
202
201
201
201
200
198
198
197
197
196
195
194
187
186
185
185
184
184
183
183
182
182
181
178
174
172
172
171
171
170
167
167
166
164
163
161
161
161
158
158
157
157
156
155
155
155
155
155
154
154
150
149
149
147
146
145
144
143
142
142
142
142
140
138
137
135
135
131
130
130
129
128
126
126
125
125
123
123
122
122
121
120
118
117
117
116
116
115
115
114
114
114
110
108
103
103
102
101
101
 99
 98
 97
 96
 96
 95
 95
 94
 94
 93
 92
 91
 91
 91
 90
 90
 87
 86
 85
 83
 82
 80
 79
 79
 78
 78
 78
 74
 74
 73
 73
 72
 71
 70
 70
 68
 67
 65
 65
 64
 61
 59
 59
 58
 56
 55
 55
 54
 54
 54
 52
 51
 50
 49
 48
 43
 42
 40
 38
 35
 35
 33
 32
 31
 31
 29
 28
 28
 28
 26
 25
 25
 24
 22
 21
 21
 19
 17
 17
 16
 16
 11
 10
  7
  5
  2
